1 0.164 0.8027989821882952 0.2986666666666667 0.11195928753180662
3 0.44733333333333336 0.8180661577608143 0.05733333333333333 0.1628498727735369
2 0.8993333333333333 0.45038167938931295 0.11066666666666666 0.19083969465648856
1 0.19933333333333333 0.12786259541984732 0.13733333333333334 0.22010178117048346
2 0.7946666666666666 0.4955470737913486 0.13866666666666666 0.20229007633587787
3 0.16866666666666666 0.48091603053435117 0.29733333333333334 0.16030534351145037
2 0.13866666666666666 0.7951653944020356 0.248 0.09669211195928754
3 0.5553333333333333 0.816793893129771 0.15866666666666668 0.16793893129770993
2 0.8653333333333333 0.833969465648855 0.05333333333333334 0.18702290076335878
2 0.8 0.8307888040712468 0.08266666666666667 0.18829516539440203
1 0.5006666666666667 0.4720101781170484 0.2786666666666667 0.1475826972010178
2 0.12666666666666668 0.15966921119592875 0.152 0.21501272264631044